MAHA BODHI PRIMARY SCHOOL
PRIMARY 6 CHINESE 2005
PRELIMINARY EXAM
SA2
1) 2
2) 4
3)1
4) 4
5) 4
6) 4
7)2
8)1 9)2
10)2
11) 2
12) 2 13)4
14) 2
15) 4
16) 3
17) 3
18) 1
19) 2
20) 1
21) 1
22) 4
23) 4
24)3
25) 3
26) 3
27) 3
28) 1
29) 3
30 4
31) 2
32) 4
33)2
34) 2
35) 2
36) 1
37)1
38) 1
39) 1
40) 2
41) 4
42) 1
43) 4
44) 1
45)1
46)☑#
47) 48)晓49)段 50) 催 51) 1 52)3 53)2 54)755)5
56)这里有很多各种各样的鱼。
57) 不要每天都迟到。
58) 就要做得到。
59) 昨晚小明家里进贼了,警方到了现场
60) 我们的功课进步很多
61) 4 62) 663) 13 64) 15 65) 10 66) 7 67) 1 68) 11 69) 14 70) 2
71)是因为作者对数学有浓厚的新趣,成绩也不错。老师也常常夸奖我,可是,我这个人店
心大意,无论我这样的准备,用心的作答学校的测验或考试却从来没有得过满分,因此这涉
的成绩实在令我高兴,爸妈知道了也一定会眉开眼笑的。
72)父母看了作者的卷子都很高兴得说:“作者懂得集中精神和,治好了粗心的毛病了:
73)因为作者知道自己欺騙了爸妈,没把真相说出来。
74)因为作者从来没有拿过100分,作者无论这样准备,用心的作答,却没有拿满分,
以作者舍不得让 100 分溜走。
75)因为作者觉得这件事感到很惭愧,但又不敢史父母亲和数学老师认错,直到买花人鼓
气,向老师说出真相。
心
Inn
