NANYANG PRIMARY SCHOOL
2004 FIRST SEMESTRAL ASSESSMENT
PRIMARY 6
CHINESE LANGUAGE
1) 2
27)4
51) 7
52) 1
53) 6
2) 2
28) 3
54) 4
3) 3
29) 2
4) 1
3004
55) 3
56)不然我会忘记做我的功课。
57) 我们取消了合同。
5) 1
31) 4
6) 3
32) 1
7) 4
33) 3
8) 3
34) 1
59)他已经认错了
60)与莫到朋友家玩
9) 4
(35) 4
67) 2
53) 3
64) 10
10) 2
36) I
65) 7
57) 11
68% 8
11) 3
37) 4
12) 4
38) 4
13) 3
39) 2
14) 1
40) 4
15) 2
41) 2
16) 1
42) 2
17) 1
43) 3
18) 3
44) 1
19) 1
45) 3
20) 3
46)
21) 4
47) *3
22) 3
48)
23) 3
49) 霧
24) 2
25) 3
50) 武
69) 12 70) 1
71)在等候哥哥的时候妈妈,很
担心从妈妈性强
就走到门口张望,可以看出。
72) 因为哥哥最听作者爸爸的话但爸爸言,
的妈妈和作者,丁一发生什么累,不知该
怎么办,所以作者的妈妈感到很无助。
73) 哥哥在交个朋友之前,读书非常用功
单卷列前茅,做事也很勤快,交上坏朋友出
后他 经常巡归,整天只顾玩乐,荒感受性,
成績一落+
74) 作者曾苦口婆心劝哥哥改过自新。作者
等哥哥回来担心等哥出了什么事,妈妈吓他
去睡,他还说哥哥没回来,他怎么睡得着。
75) 因为他知道妈妈很爱他。
26) 2
