RBED
SVASTIKA
SCAOOL
CONTINUAL
ASSBSSHENT
1
CA1
CHINESE
LANGUAGB
PRIMARY
6
1 ) .3
38)
3
55)
1
:56)
凸善欢着电视。
2) .6
29)
1
61〉 3
57)才能络社会似出贡猷。
3)
2
30)
1
62)
7
58)
你也不应该 乱打人。
4)
31)
2
63)
12
5)
3
32)
3
66)
2
59) 因为他的脾气不好
6)
2
33)
1
65)
6
3
34)
4
66 )
10
60)
我秀到好成绩
0)
6
35)
3
67)
11
9)
1
36 )
幺
68)
4
10)
4
37 )
2
69)
13
11 )
3
38)
1
70)
3
12 )
1
39)
2
71 )
青青为3左琴华之盱偷看]品的
13)
2
40 )
1
答笙。她决宅去向无师《绪。
14 )
3
41 )
3
15 )
3
42)
2
72)
囝为乔老师知逆青吾呈-个诚实
的孩孓。
16 )
2
43)
4
17 )
1
66 )
3
18)
4
45 )
2
73)
如罢吾肓的华立孝徉不奶4没
19 )
3
46 )
惨
有 .泫维}分学。
20)
2
47 )
拳
21 )
4
48 )
午
?? )
2
49) 炕
76)
吉田] 1竞`字.《妃须零半工
半诗可以看出.
23 )
1
50〉
厦
24 )
3
51 )
3
25 )
3
75 )
1匕a云找无,把永疟&华六时肴?
52)
5
26 )
2
53)
2
小品m -个〉案,讼充。
27 )
2
56 )
6
6
