MARIS STELLA HIGH SCHOOL (PRIMARY)
PRELIMINARY EXAMINATION
PRIMARY SIX
CHINESE LANGUAGE
-
2005
SAL
01. (2)
11.
1
21. 3
31.
(2)
41. 3
02. 4
12. 4
22.1
32. 1
42.
(2)
03. 1
13.
(2)
23. 4
33. 1
43.
(4)
04. 3
14. 3
24. 3
34.
(2)
44.
(2)
05.
(4)
15. 2
25. 1
35. 3
45. 1
06. 1
16.
(2)
26. 1
36. 2
07. 3
17. 1
27.
08. 2
09.
10. 3
18.
(1)
28.
(4)
19.
(3)
29.
20. 1
30.
(作) (4) (用) (C)
37. 4
38. (3)
39. 4
40. 1
46) 啬
47) 献
48) 腾
49)
慕
50)
蒸
51) 6
52) 9
53) 5
54) 4
55) 1
61) 15
62) 13
63) 4
64) 3
65) 5
66) 8
67) 7
68) 1
69) 12
70) 2
6)我也要赶去见他一面。
57) 我猜想他一定看到了恐怖的事情。
58)抽烟会影响健康
59) 看到儿女们有成就
60) 在我军猛烈的攻势下
71)因为他是一个待人彬彬有礼的好孩子,让
周围的人感到很舒服亲切
。
72)因为他们长得很像,而且他们有一样的
口头禅。
73)
“礼貌”的礼貌是出自内心是真心的,而“形式
的礼貌只是表面上的。
74)因为他的礼貌都不是出自内心的。他常不问自
取地用别人的东西,用完后才
漫不经心地说声:
“谢
谢:他常在校园里横冲直撞
,把同学撞倒后才说声
“对不起”,头也不回地溜掉
。
75) 我同意。因为礼貌应该自己开始的当我别人有礼貌时,
他会感到受尊重,自然也就会尊重我,对
我有礼
14
