RRAD
SHASTIKA
SCHOOL
HID
XBAR
ERAAINAPIOl
PRIHARY
81只
&
8
2004
;fJ网38尼 《劭?区 AANGUAGB
1 )
4
27)
牛
51 )
7
56 )
他在车祸中只点皮肉之伤
2)
4
28 )
4
52)
4
57)多读课外书
3)
1
29 )
2
53)
3
4)
3
30)
4
54 )
2
58)
哥离离家出走
2
31)
3
55)
1
59)不然我就告诉茏师
5)
1
32)
1
3
33)
1
60)阶叹-筝天咸。
8)
2
34)
2
61 )
10
66 )
4
9)
1
35)
4
62 )
11
61 )
13
10)
1
36 )
2
63)
14
68)
2
11 )
2
37 )
6
64)
12
69 )
7
12 )
4
38)
4
65 )
3
30)
15
13)
4
39 )
3
71) 因为电车是墨欠市的-大特征,
14 )
4
40)
4
在芟他的饿芾很难看见。
15 )
3
16 )
1
41 )
2
72)电车正墨尔本很重要,《
i多澳沁旨
42 )
2
班或去筐都搭_患车:而且电^车是墨
17 )
3
43)
1
尔本芾的公兴交遁膏干。"可呔看出。
18)
4
44 )
1
73)
:页电车圣过的+p驾驶讫孕的<往住
19)
工
耍i电丢太具"霪辕蚩的2孳鬯车昱耐
45 〉
4
射
20)
3
霰雀矍8?秉筋禺 C啬s-
21)
3
46 )
易
耍
迕薏菁;?有电牢经愆汽v凸可叭
22)
2
47)
悟
74)
车兴田_条召路,
23)
2
48)
亡
24)
3
49) '街
25 )
2
50)
旦
75)
弯@望"_翌@ 酾瞿嚣4
e饨匈0平
26 )
3
鼍篆 :三
二
.
`
囊
秃
