ANGLO CHINESE SCHOOL
(PRIMARY)
MID YEAR EXAMINATION 2004
CHINESE LANGUAGE
PRIMARY Ó
61.2
11. 4
21.3
02. 1
12. 3
22. 1
31. 3
32.
41. 4
(3)
42.4
03. 3
13. 1
23. 2
(2)
43.0
04. 4
14. 3
(4)
弦
05. 3
15. 2
26.
(2)
35. 3
45. 4
06. 2
16.
(1)
26.1
30 à
07. 1
17. 3
27.
(4).
37.
08.
3.
18. 2
28. 1
38. 3.
09. 4
19. 4
29..3
39. 3
10. 3
20. 3
49) 虑
50)饮
59)如果他要
置
46) a
47) 牌
48) 悟
30.1
56) 都不准进入达旧高级餐馆
57) 你就原谅他吧,
58) 小明在餐馆工作
50)如果他要赚很多钱
賺很愛
51) 5
60)
苦妈妈记得每天清早浇水
52) 1
53) 2
54) 3
55) 6
(71) 八仙格上常常闹鬼,附近的居民疼
里都不敢过桥,宁可绕路走,
72) 個吓得双脚一轮,跌坐在地上。
61) 8
62) 7
53) 6
73)
他们认为喝热茶可以给人们压惊。
64) 4
65) 11
66) 10
67) 5
68) 14
69) 9
70) 1
74) 三三以为中年人是鬼,中国人以为正
是鬼
75) 我会对鬼心手拳脚踢。
