Nanyang Primary School
PrmaryG ChineseSAL(2006)
Answer Sheets
Q1
02
03
04
05
06
07
08
09
010
3
4
2
3
4
4
1
4
2
2
011
012
013
014
015
016
017
018
Q19
020
4
2
4
3
3
1
4
1
2
1
021
022
023
024
025
026
027
028
029
030
1
4
2
4
3
2
3
2
3
4
031
032
033
034
035
8
3
1
5
7
036
9)夸奖
6)匆匆
037
老公公叫两兄弟去砍木柴。谁的木柴砍得多,谁就能得到他
的奖赏。
038
我认为阿智会得到老公公的奖赏。因为阿眢会动脑思考去儆
事。砍柴是砍柴阿力多。
039
这个故事告诉我们做事的时候,
不但要勤力。也要动脑思
考。在一个公司里,勤力但不用脑思考的人只能得到很低的
职位;而勤力又动脑思考的人就会得到高的职位。
040
作者伤心是因为他自己没有顺利通过这次的考试,作者生气
是因为他付出努力之后。还是不能到想要的成绩。
Page Iof2
34
