S42
J BODHI
PRINARY
SCHOOL
BRINUARY
6
CHINBSE
2005
PRELWINRY
BXaN
112
2)4
3)1
4)4
5)4
614
7)2
8)1
9)2
10)2
11)2
12)2
13)4
14)2
15)4
16)3
17)3
18)1
19)2
20)1
21)1
2214
23)4
24)3
25)3
26)3
27)3
2811
29)3
3014
31)2
32)4
3312
3412
3512
36)1
3711
38)1
39)1
4012
41)4
42)1
43)4
44)1
4511
46〉P
4)遵 48〉晓49)殷 50) 催
51) 1
52)
3
53)
2
54)
7
55) 5
56〉这里有很多各种各样的鱼。
57)  不要每天都迟到。
58)  就要儆得到。
59) 阼晚小明家里迸贼了,警方到了瑰场
60) 我们的功课进步很多
61 )
4
62) 6
63) 13
64)15
65)10 66)
7
67) 1
68〉11
69)
14
70〉2
71) 是囡为怍者对数学有浓厚的新趣。
成绩也个锴。光也'汾常令奖珑。 可足,
我达仆人丛:吉
心人煮,
尤论我这样们准备, 用心的作答学校的剡猃或考诋:从米泼"仃符过黹分
:泌达:

的成绩实在令我高兴。爸妈匆逍'丫也一定会眉开瞑笑的
72〉父母香`丫作者的卷子都很离兴得说;
4作者慊往r'1精神利,治奶了粗心的c贡 (.
73)因为作者知逍自己欺9了爸妈, 没把真柑说出米。
74)  因为作者从来没有拿过100分。作者尤论这样摧爷,用心肉作答,
却泼有卑)_:炙竹 ,
污
以作者舍个得让100分溜走。
75)H为作者觉得这件卑感到很旃傀,
们义个瞰虫父卅1和数毕-茏娜认错,
8{莎{竣::孕
气。
向老t说出真相。
公
TMI
