AI TONG SCHOOL
2005 MID YEAR EXAMINATION
PRIMARY SIX
CHINESE LANGUAGE
SAI
1) 1
28) 4
56)才不会被乱人打败
2) 4
29) 4
57)明华不但是个孝顺的孩子
3) 2
30) 2
4) 4
31) 2
58)我们应该先派警察去看看
5) 2
32) 4
6) 3
33) 3
7) 4
34) 4
8) 3
35) 1
9) 4
36) 4
10) 1
37) 3
11) 4
38) 2
12) 2
39) 2
13) 1
40) 4
14) 2
41) 1
15) 4
42) 3
16) 1
43) 4
17) 4
44) 3
18) 3
45) 2
19) 2
46) *1.
20) 3
47) 绝
21) 1
48) 割
744 250
59)小明经过医生的抢救后
60) 马路的草都枯黄了
61) 3 62) 8 63) 15 64)1 65) 4
66) 5 67) 2 68) 6 69) 11 70) 10
71)作者看见一个头发脏乱,精神呆本的
男人跪在地上,旁边站着一个年约六、
七岁的男孩穿着单薄的背心向行
大哭乞讨。
人
枚
72)作者同情小孩,从口袋里掏出十元,
放进孩子面前的小箱里。因为小孩
脸上满是泪水和鼻涕,地上放薑的
一张上写着:父亲英业,家里没钱。
所以作者同情之心油然而生。
75)因为作者逛了将近一个多小时后,走回
老地方时,看见那男人依然低着头跪
在地上,而那小孩还是用样的表情和
哭声,向行人暑哭乞讨。
他不应该逼一个小小年紀的孩
子站在街上
22) 3
哭向人讨钱,換取人们
的同情心
23) 2
49) 稳
75)
我会。因为我觉得小孩很可怜。
24) 4
50) 阴
25) 3
51) 6
52) 5 53) 8
54) 2
55) 1
26) 4
27) 1
- 11/2
班
