L
AI TONG SCHOOL
2005 CONTINUAL ASSESSMENT 1
PRIMARY SIX
CHINESE LANGUAGE
CAT
1) 3
28) 2
56) 6
2) 2
29) 1
60) 8
57) 11 58) 2 59) 4
61) 3 62) 15
63) 9
3) 1
30) 1
64) 14 65) 5
4) 2
31) 3
5 ) 3
32) 1
66)他还是不要转校
67) 因为我出卖了朋友
6 ) 2
33) 1
7) 3
34) 2
68)表现出了很好的成绩
8) 1
35) 3
9) 4
69)我们要努力读书
36) 1
10) 4
37) 3
70)
只要我们努力
11) 4
38) 3
12) 2
39) 4
13) 3
40) 4
14) 2
41) 1
15) 1
42) 2
16) 4
43) 3
17) 4
44) 4
18) 1
45) 2
19) 2
46)辈
20) 3
47)饥
21) 4
22) 4
48) 悲
23) 2
·49) 炮
24) 4
25) 2
50) 母
毒
51) 3
52) 5
71) 拿破仑听见有人喊救命,快步
地走到河边一看,见一男子在水中挣
扎,拿起猎枪,对准落水者,大声喊道
從若再不自己游上来,我就把你打死!
72) 落水者见求救已无用,反而更添了一
屋危险,便只好奋力自救,游上岸来。
73)因为他想告诉落水者,自己的生命应
该自己員責的,惟有背负责任的生命才
是真正有救的命會破仑看了那河并
不宽,落水者可以自救的。
74)因为拿破仑觉得地位的高下是不重
要的重要的是生命肩头的分量,所他
要尊重背重物者。
75)如果我遇到身上背着重物的人,
我会让路给他
53) 8 54) 6 55) 1
26) 1
27) 3
16
