METHODIST GIRLS SCHOOL (PRIMARY)
PRELIMINARY EXAMINATION 2004
CHINESE LANGUAGE
PRIMARY SIX
SAL
1) 3
29) 1
46)
显
61) 9
2) 4
30) 3
47)肺
62) 6
3)2
31) 2
4) 1
32) 1
48) 儅
63) 13
64) 3
5) 4
33) 4
49) 央
65) 1
6) 3
34) 2
50) 延
66) 10
7) 2
35) 1
51) 4
67) 15
8) 1-
36) 3
52) 7
68) 5
9) 1
37) 3
53) 11
69) 7
10) 4
38) 1
54) 5
70) 12
11) 2
39) 2
55) 3
12) 3
40) 3
56)不知道发生了什么事。
13) 3
41) 2
14) 1
42) 4
15) 2
43) 4
16) 4
44) 3
17) 4
45) 2
18) 1
19) 4
20) 3
21) 3
22) 1
23) 3
24) 1
25) 2
26) 4
27) 2
28) 4
57)这个难题你已经想了很久
58)不如现在就承认。
59) 他已经很难受了
60) 不然我是不会让你这样做的。
71)小敏向李老伯说她要和一群小孩一
同玩,但是没有人招呼她,她描进队里
时,小朋友发现了,马上散开,李老伯叫她
反省一下自己的脾气是怎样的,不要
怪别人
72) 她打算在遇到不如意的事时,就假想把那些
事情扔进竹筒里,免得乱发脾气
73 从“走了几步,李老伯伯又问同样的问题小敏
不耐烦了,大声地说:“真讨厌,我已经告诉你
了,你还这样问个没完没了,你到底要问多少
遍?!”可以看出。
74):“老毛病”是指小敏乱发脾气。“实际的行动”是
指要用行动改掉自己的坏脾气。
75) 不对,因为朋友如果有缺点,我们应该告诉他
们,帮他们纠正过来,不应该
避开他们。
70/2
31
-
