心
READ SWASTIKA SCHOOL
MID YEAR EXAMINATION
PRIMARY SIX
2004
CHINESE CHINESE FLANGUAGE
1) 4
27) 4
51) 7
2) 4
28) 4
52) 4
SAI
56) 他在车祸中只受点皮肉之伤
57)多读课外书
3) 1
29) 2
53) 3
4) 3
30) 4
54) 2
58)
哥哥离家出走
5) 2
31) 3
55) 1
59) 不然我就告诉老师
6) 1
32) 1
7) 3
33) 1
60)
所以一事无成。
8) 2
34) 2
61) 10
66) 4
9) 1
35) 4
62) 11
67) 13
10) 1
36) 2
63) 14
68) 2
11) 2
37) 4
64) 12
69) 7
12) 4
38) 4
65) 3
13) 4
70) 15
39) 3
14) 4
40) 4
15) 3
41) 2
16) 1
42) 2
17) 3
43) 1
18) 4
44) 1
19) 1
45) 4
20) 3
21) 3
46) 勿
22) 2
47) 悟
74)
要车
71)因为电车是墨尔本市的一大特征,
在其他的城市很难看见。
72) 电车在墨尔本很重要。从“很多澳洲人上
班或去市区都搭乘电车,而且电车是墨
尔本市的公共交通骨干。”可以看出。
不
在有电车经过的地方驾驶汽车的人往往
73)
电车,尤其是在转弯的地方电车
能在转暂时停下来的因此汽车在转弯时
意者沒有电车经过:汽车也可以和电
用一条马路
"
23) 2
48) 亡
24) 3
25) 2
26) 3
49) 衔
50) 旦
75) 我认为澳洲人爱护电车。两个例子
本的学校有电工
课程一门
交
它是
电缆的。平宁人们都喜欢使用电平.
本的主
