SAL
&NUS
National University
of Singapore
乐赛学校 二零零五年
六年级华文年终考试 试卷二
Date
No.
3
35 4
2.
36.
3.
3.
2
37.
1
4.
4
38.
2
5.
3
39.
1
62
3
40
3
Z
4
41
3
8.
2
42.
2
9.3
43
1
101
2
2
12.
4
13.
3
14
1
15, 4
44.
45. L
46.
4%
4A
49. 跪
50
4
献
164
强
17.
1
51.
4
18. 4
52
8
19.
2
53.
5
20.
3.
54.
3
21.3
55
1
22.
2
23.
4
24.
25. 4
56 我才会相信他讲的是真的.
57. 很多人将无家可归
58. 这次考试不及格的.
59. 偶像刚出机场,顯暖们蜂湧而至
60. 你一副要头丧气的样子
26. 3
27.3
61.
4
28/4
62. 10
29. i
63.
12
30
64.
2
31
3
65.
13
32. 1
66.
33 4
67.
6
69.
8
34 4
68.
5.
70.
3
14
