SINGAPORE CHINESE GIRLS SCHOOL
PRIMARY SIX PRELIMINARY EXAMINATION 2004
CHINESE LANGUAGE
SAZ
1
01. 1
11. 2
21. 4
31.
(2)
41. 1
02. 3
12. 3
22. 3
32. 2
42. 4
03. 4
13. 1
23. 1
33. 4
43. 3
04. 2
14. 4
24. 2
34.
(1)
44. 1
05. 2
15. 4
25. 1
35.
(4)
45. 1
06. 4
16. 1
26. 2
36. 4
07. 1
17. 4
27. 3
37. (1)
08. 2
18.
(3)
28. 4
38. 1
09. 3
19. 1
29. (2)
39. 4
10. 1
20. 4
30. 2
40. 3
46) 出
47)词
48) 效
49) 潮
50) 袖
56)可以告诉我或小丽
去
57) 我们都要上学。
58) 妈妈还是很爱你的
1
59)突然屋外传来尖叫声
51) 4
60)
由于队员加紧练习
52) 1
53) 7
54) 5
55) 3
72)
61) 13
62) 8
穿去
63) 11
71) 伟力是一个神箭手。因为明明很羨慕他.
要跟他学射箭,所以拜他为
师。
开始时,伟力要明明练好眼力,要目不转睛地
盯住一个目标,不能眨一次眼,明明
在他妻子织
布时躺在织布机底下,瞪大眼睛
看着梭子
来
ጎ
73)他用一根长发把蜜蜂绑住,吊在窗
64) 5
口上,每天
站在一边瞪大眼睛,望着蜜蜂,在他的眼
里大得像个车轮。
65) 7
66) 9
74) 后来明明成了一个万发百中的神箭手。
67) 15
68) 1
69) 10
70) 4
75) 我们应该学习明明的集中精神和不
放弃的精神。
16
