RED SWASTIKA SCHOOL
2004 PRELIMINARY EXAMINATION
CHINESE LANGUAGE
1) 2
28) 3
53) S
2) 4
29) 1
544
3) 2
30) 4
55) )
4) 2
31) 2
56) 我也要把它亮眼。
5) 1
32) 1
6) 1
33) 4
7) 4
34) 3
8) 1
35) 4
9) 2
36) 2
10) 3
37) 2
62) 14
57)还好我们做了充足的准备,不然
定购在他们的手中。
58) 能知道外园发生了什么事。
(59) 小明想和同学一起去郊游,可是
功课还恐做完
60)他欺负小的行为
61) 7
63) 11
了
11) 3
38) 4
65) 2
67) 1
12) 2
39) 2
13) 4
40) 4
14) 1
41) 4
15) 3
42) 1
16) Z
43) 1
因为
17) 2
44) 4
18) 3-
45) 1
19) 2
46)恒
20) 1
47) 饰
21) 3
22) 4
48) 陈
230 4
49) 延
24) 2
50) 疏
70) 3
71) 他在年终的算术考試中得到9分
空雞
72) 我觉得作者的妈妈做漿谨慎,
願她签字的卷子,他都
要检查一谣。
73)妈妈认真检查时发现一道小题错作
妈婚没有隐瞒作者的错误,在試發
请老师验证看了妈妈写给老师的语
指得到是无论多少个两分
的诚实
F
75)作者明白了诚实的道理。
25) 4
51) 7
26) 1
52) 3
27) 3
