METHODIST GIRLS SCHOOL (PRIMARY)
MID YEAR EXAMINATION
PRIMARY SIX
CHINESE LANGUAGE
CHF1
56) 所以找工作很容易。
1) 2
28) 4
2) 1
29) 3
57) 你别再找小明了
3) 2
30) 4
5B)我们也要抽出时间休息。
4) 3
31) 3
59) 如果你不要让他失望
5) 1
32) 4
6) 1
33) 1
60) 要不然后果不堪设想
7) 3
34) 2
S) 3
35) 3
9) 1
36) 4
10) 3
37) 1
11) 3
38) 3
12) 4
39) →
13) 4
40) 4
14) 2
41) 2
15) 1
42) 3
16) 4
43) 4
17) 4
44) 1
18) 1
45) 2
19) 1
46)钮
20) 4
21) 4
47)
歉
22) 2
48) 镇
23) 2
49) 赠
61) 3 62) 7 63) 6 84) 5
557 9
66) 11 67) 13 68) 12 69) 14 70) 10
71)因为作者怕他刚做完手术的父亲给他送
看到他平時最引以为荣的心子被
处罚新
花
校门口,让他的父亲失望,所以
心里会
发慌,
72)父亲刚动完手术那么虚弱,一定禁不住风雨,
左手上还包扎着很厚的绷带,使作者认为父去
不污能来。
73) 作者感到自责悔恨,不能看父亲的脸。
父亲感到很是望,他一向坚定的
眼神
里交织着悲伤和关望
(2)意思是作者再也没有被校长处罚
没有站总校门口了。
75)关心。从他虽然刚动过手术,手上还
包扣着绷带,却还是冒雨给作者送
雨伞,这一点可以看出。
50)393
24) 3
51) 6
25) 1
52) 7
26) 3
53) 4
27) 4
54) 1
55) 5
