RAFFLES GIRLS PRIMARY SCHOOL
PRIMARY 6 CHINESE 2005
SEMESTRAL ASSESSMENT (1)
1. (3)
11. (4)
21.(3)
31. (2)
2.(4) 3.(1) 4.(4) 5.(2) 6.(3) 7.(4) 8.(1) 9.(2) 10.(1)
12.(3) 13.(1) 14.(3) 15.(1) 16.(1) 17.(3) 18.(1) 19.(2) 20.(2)
22.(1) 23.(2) 24.(1) 25.(4) 26.(4) 27.(2) 28.(3) 29.(4) 30.(3)
32.(1) 33.(3) 34.(2) 35.(1) 36.(3) 37.(3) 38.(1) 39.(1) 40.(4)
42.(3) 43.(4) 44.(3) 45.(2) 46.47.48. 49. * 50. ***
41. (4)
51. (3)
52.(6) 53.(5) 54.(8) 55.(2)
56 就不会有今天的下场了
57 小明依旧把报纸送到我们家了
58 电影结束之后
59 他虽然从高处摔下
60 这间设计特别的屋子
61. (6) 62.(8)
63.(4) 64.(5) 65.(15) 66.(12) 67.(7) 68.(2) 69.(IN) 70.(9)
71 因为胖嫂接到妈妈的来信,没有把信看完,就以为妈妈得了重病,起不了床
就急急忙忙地往妈妈的家跑去。
72 因为胖姓太急,错把枕头当作了宝宝。
73 因为胖嫂赶到妈妈村里的时候,太紧张,太熊葱,没有看清楚是谁的家门,
就用力敲起来 而且这时正好这户人家的男主人在骂孩子,胖嫂听到孩子的哭
声,以为是自己的妈妈病情加重了。
74 胖嫂很粗心 第一.胖嫂错把枕头当作了宝宝。第二,胖嫂没有把信看完,
就以为母亲得了重病。
75 我会劝胖姓先冷静.等仔细把信看清楚再行动也不迟。
F
14
