NAN HUA PRIMARY SCHOOL
2004 CONTINUAL ASSESSMENT 1
CHINESE LANGUAGE
1) 1
28) 2
56) 3.
49) 经过这次的教训
2) 4
29) 4
57) 1
3) 3
30) 3
50) 无论你怎么悲
58) 6
4) 4
31) 3
50) 5
51) 你白不应该对他不理不睬。
5) 2
32) 2
60) 12
6) 2
33) 3.
52)
由于事前有了准
61) 11
7) 2
34) 1
62) 4
8) 3
35) 3
9) 2
36) 2
63)三港师告诉问
同学们,他替他们买的一些
新书有心本弄
们应该
10) 3
37) 1
11) 2
38) 2
12) 1 39)臂
64)
作者的办法是把卡住
说有
林务的精神
13) 3
40)
14) 2
忌
15) 3
41) 鋤
65)
了作者的回答:
作者
16) 4
42)
稿
17) 1
师对作者的回
18) 4
43)漱
19) 4
20) 3
44) 2
21) 2
66)王老师心了张洋的回答+豆道
他
67)作者修得非常惭愧,了解到自己
45) 7
22) 1
45) 1
为别人着想的好学生。
23) 3
47) 8
24) 4
48) 4
25) 1
53) 2
26) 1
54) 9
27) 4
55) 7
