CR{
AI
TONG
SCHOOL
2005
CONT IAUAL
ASSBSSHBNT
1
PRINA R'
8I天
CHINBSB
LANGUAGB
1 )
3
28)
2
56 )
6
57)
11
58)
2
59 )
4
2 )
2
29 )
1
60)
8
61 )
3
62)
15
63)
9
3)
1
30)
1
64)
16
65) 5
4)
2
31 )
3
66 )
他还是不要转校
5)
3
32)
1
67)囵为我出卖了朋友
6)
2
33)
1
3
34 )
2
68)表观也了很好的成绩
8)
1
35 )
3
9)
4
36 )
1
69)戕们雯努力读节
10 )
4
37)
3
70〉  只要我们努力
11 )
4
38)
3
12 )
2
39)
4
71)拿酞乞听见有~喊救命.快步
13 )
3
40 )
4
比廷别河迎一省贝-男孑在水4#
14)
2
北篝v穑抢;对徨}水者 .大$`:
41)
1
"华'若}太冒己_上*.我轼`侔{硭 !
15 )
1
42 )
2
72)
蔻氽者见戋钕己无用 ,及百更添] -
16 )
4
宏危},促兵_备'劣'自敕 ,罅_岸E
43 )
3
17 )
4
44 )
4
18 )
1
73)园为[媳苫诉落水萏:囱己的笙愈产
45 )
2
19 )
2
H匈贡鲍:莲有肯'番迕的_俞扌
46 )
犟
鬼篡E有皈岗笊亍酸久*&]那河并
20)
3
不凫铉北看可以臼孜的。
47)  饥
21)
4
74)困为拿= :仑笕岸饱位的高下是不重
22)
4
48 )
悲
袄昀。重爱的是生命肩头的分量;比
23 )
2
r尊重咨筐物者:
'49 )
炮
24 )
4
75)
娱罢我遇到身二背着壅的人,
50) 毒
升会让路纥他。
25 )
2
51)  3
52)
5
53〉
8
54) 6
55)
1
26 )
1
27 )
3
~6
