METHODIST GIRLS SCHOOL (FRIMARY)
CONTINUAL ASSESSMENT. 1
CHINESE LANGUAGE
PRIMARY SIX
“好
1) 3
28) 4
60) 1
2) 3
29) 3
46) 我就不会迟到了
3) 3
30).4
47) 我等了老半天
4) 4
31) 3
5) 3
32) 1
48) 喜欢帮助有困难的人
6) 3
33) I
7) 2
34) 4
49) 他喜欢暴饮暴食
8) 1
35) 3
56) 不知什么时候全停
9) 3
36)
10) 3
37)
11) 4
(38) 犯
61) 他是一个聪明、懂事人可爱的改善
般小孩勤奋
比
12) 2
(39)污
13) 2
40) 絡
14) 4
41) 6
15) 3
42) 4
62)他四岁开始学钢琴。曾在香港举行的
钢琴比赛中获得第一名,在美国
获得
国际钢琴比赛冠军
16) 3
43) 1
63)从“他对弹钢
17) 3
44) 7
18) 1
45) 3
19) 1
51) 14
小得多。细细的指
20) 3
52) 15
21) 1
53) 3
22) 1
54) 9
23) 3
55) 4
24) 3
56) 11
25) 2
57) 12
碰钢琴就觉得很不自在可以浮出诎
对弹钢琴很發
64) 因为他体格瘦小祂的
软
比其他人困难得多。
同龄的小孩
65) 从“他在比赛前的几个月,练习一先滑健
的动作重复练了几躁,练到手指
的
胶带
李髅续练琴可以看出建輝的妈妈业学
他的要求非常严格
。
很有些趣,两三天不
26) 4
58) 13
27) 1
59) 5
