NANYANG PRIMARY SCHOOL
2005 FIRST SEMESTRAL ASSESSMENT
PRIMARY SIX
CHINESE LANGUAGE
SA
1) 1
28) 2
51) 5
2) 2
29) 3
3) 4
30) 1
4) 2
31) 43
52) 3 53) 2 54) 7 55) 1
56)哥哥才放弃抽烟。
57) 爸爸打算扩充店铺的设备。
5) 1
32) 2
6) 3
58) 所以每次做都事半功倍。
33) 1
7) 2
34) 2
8) 3
35) 4
9) 1
36) 1
10) 1
59)幸亏我们出钱出力地帮忙他
60) 他随地乱拋垃圾
37) 4
11) 3
38) 3
61) 15
12) 1
39) 3
66) 3
62) 2
67) 5
63) 13
64) 1 65) 10
68) 11 69) 8 70) 7
13) 4
40) 4
14) 2
41) 3
15) 4
42) 2
16) 1
43) 1
17) 3
44)2
18) 2
45) 4
19) 1
46) 滚
20) 2
24/2
21) 3
22) 4
23) 2
25) 4
47) 77
48) 歉
49) 俗
71)她小时候家境富裕。父母请了四个
女佣来照顾她的起居饮食。她要
去哪里都有司机专门接送。
2)在学校里,等苦是个乐于帮助同学的人。
当她发现发现好友丽仪的父亲没有钱
买玩具给丽仪时,她便从家里拿了好几个
洋娃娃送给她当生日礼物,看见班长学
珍穿着破鞋来上课,她便把家里多出渠
的鞋子送给学玲。
73)当她看见过惯少奶奶生活的妈妈到超
级市场当收银员,爸爸辛苦地做着两
份工作时,她就决定要学习适应
新的
生活。
74)在她学习做家务的过程中,她抹地板时,
就曾经摔倒过几次;她第一次炒菜时,
就把菜炒焦了;蒸鱼时也被水蒸气烫
伤手但这一切,她都没有告诉父母以
免他们担心。
26) i
27) 4
50) 旡
75)
因为美某以前帮过她们,现在她有困难
她们帮她是应该的。
الى
