---
RED SWASTIKA SCHOOL
CONTINUAL ASSESSMENT 1
CHINESE LANGUAGE
PRIMARY 6
1) 3.
28) 3
55) 1 (56) 1448m.
56)也喜欢看电视。
2)4
29) 1
61) 8
人
(57) 才能给社会做出贡献。
3) 2
30) 1
62) 7
4) 1
31) 2
58) 你也不应该乱打人。
63) 12
5) 3
32) 3
64) 2
59)因为他的脾气不好
6) 2
33) 1
65) 6
7) 3
34) 4
66) 10
60)
我考到好成绩
8) 4
35) 3
67) 11
9) 1
36) 4
68) 4
10) 4
37) 2
69) 13
11) 3
38) 1
70) 3
12) 1
39) 2
13) 2
40) 1
14) 3
41) 3
15) 3
42) 2
16) 2
43) 4
17) 1
44) 3
18) 4
45) 2
19) 3
46) **
71) 青青为了在考华文时偷看了小晶的
答案。她决定去向老师认错。
72) 因为齐老师知道青青是一个诚实
的孩子。
73) 如果青青的华文考得不好,她没
有办法继续升学。
20) 2
47) 拳
21) 4
48) 夺
22) 2
49) */
74) 青青的家境很穷,从她须要半工
半读可以看出。
23) 1
50)
24) 3
51) 3
25) 3
75)
52) 5
我也会去找老师,把我在考华文时偷看了
26) 2
53) 2
小晶的一个答案告诉老师
27) 2
54) 4
/6
